huitieme 10 20 0 12/12/2012 32 31
huitieme 10 20 0 12/12/2012 30 29
huitieme 10 20 0 12/12/2012 28 27
huitieme 10 20 0 12/12/2012 26 25
huitieme 10 20 0 12/12/2012 24 23
huitieme 10 20 0 12/12/2012 22 21
huitieme 10 20 0 12/12/2012 20 15
huitieme 10 20 0 12/12/2012 14 10
quart_finales 30 10 0 12/12/2012 8 12324484
quart_finales 30 10 0 12/12/2012 8 12324484
quart_finales 30 10 0 12/12/2012 8 12324484
quart_finales 30 10 0 12/12/2012 8 12324484
demi_finales 20 30 0 12/12/2012 8 12324484
demi_finales 20 30 0 12/12/2012 8 12324484
finale 10 20 0 12/12/2012 8 12324484
3eme place 30 10 0 12/12/2012 8 12324484
