1 Hedoui Oussama 24 03 1994 1 0
2 j2 x2 1 5 1 5 1
3 j3 x3 2 5 4 1 1
4 j4 x4 2 6 4 8 1
5 j5 x5 1 2 5 8 1
6 j6 x6 1 5 6 4 1
7 j7 x7 2 5 4 4 1
8 j8 X8 1 3 2 5 1
9 j9 X9 2 5 3 2 1
10 j10 X10 4 6 5 8 0
11 j11 X11 2 5 4 3 1
12 j12 X12 1 2 5 2 1
13 j13 X13 2 5 9 6 1
14 j14 X14 2 5 9 2 0
15 j15 x15 2 5 9 2 0
16 j16 X16 2 5 6 1 1
17 j17 X17 2 6 4 6 1
18 j18 X18 2 6 8 7 1
19 jou19 eur19 2 5 6 3 1
20 jou20 eur20 2 5 6 7 0
21 jou21 eur21 2 3 4 6 0
22 jou22 eur22 2 5 6 5 0
23 jou23 eur23 2 6 4 4 0
24 jou24 eur24 2 5 9 6 0
25 jou25 eur25 2 4 6 1 0
26 jou26 eur26 6 4 5 7 0
27 jou27 eur27 2 5 7 8 0
28 jou28 eur28 5 6 4 1 0
29 jou29 eur29 4 5 6 3 0
30 jou30 eur30 2 4 6 4 0
31 jou31 eur31 2 3 7 5 0
32 jou32 eur32 3 2 7 6 0
